11100100100001001001001001000000000000000000000000000000000000000000000000000000000101010000000000000000000000000000000000000000000000000000000000001000000000000000000000000000000000000000000000000000000000000000000000000000000000000000000000000000000000000000000000000000000000000000000000000000000000000000000000000000000000000000000000000000000000000000
01110010010100100010010000001000000000000000000000000000000000000000000000000000000101000000000000000000000000000000000000000000000100010010010101010010101010101010101010010100101001001001001001001001001001001001010010101010101001010101010101010101010101010010101001010010010010010010010010010010001001000100010000100000010000001000000100000000000000000000
10110001000000000000000000000000000000000000000000000000000000000000000000000000000000001001000000000000000000010010001001010101010001000000000000100000000000000000000000000000000000000010000000010000010000010000000000000000000010000000000000000000000000000000000000000000100000000000000000000000100000010000000010000101000010100001010000100101001010010100
11011000000000000000000000000000100100000000000000000000000000000000000000000000000000000000001001001001010101000000100000000000000100001010100101000010010010010010010010100101001010101000010101000010000101000100100100100100100000010010010010010010010010010100100101001010000101010100100100100100000010000001001000000000000000000000000000000000000000000000
11101100000000000000000000000000000000000100000000000100000100000001000010000100100100000100100000000000000000010100001010010010010000100000000000001000000000000000000000000000000000000001000000001000100000000000000010000000001001000000000000000000000000000000000000000000010000000000000000000000010000000100000000100100010000001000000100010000100000100000
11010100000000000000000000001000000000000000001000010000000000010000001000010000000001000000001001010101001001000001000000000000000010000100101010010001010101010101001010010100101001000100001000100000001000100101010000010010000100001010101010101010101010100101010100101001000001000100101001001001000001000000010000000000000100100001000000000010000100000100
01110110000000000000000000000000000000000000000000000000100001000100100001000010010010000100100000000000000000001000010010101010100100010010000000000100000000000000000000000000000000010000100010000101000010000000000100100001010000100000000000000000000000000000000000000000001000010000000000000000001000010010000010010001000000000000010010001000000000000000
10111010000000000000000000000000000000100001000010000010000100000000000000001000000101110000000100100010010100100010000000000000000001000000010101000000100100100100101001010010100100000010000000010000010000010010010000001000000010000100100100100100100100101001001001001001000010000010010010010010000001000000001000000000000100001001000000100000010001001000
01011011000000000010001000100001001000001000010000101000010000010010010100100001011010100001000010001000000000000000101010010010010000001000100000010100000000000000000000000000000001001000010010000001000010000000000010000010010000010000000000000000000000000000000000100000010000010000000000000000100100000100100000100100100000100000000000000001000000000000
01011101000000100000000000000100000010000001000010000000000001000000000000000000001110110000001000000001010010101010000000000000001010100010000010000001010101010101001010010100100100000001000000100100001000101010010000101000000101000100101010101010101010010101010100000101000010000010010010010010000000010000000010000000000010000000010010000100000100000100
01011101100010000100100010010000010000100100000000000010010000001001000100100100011010101001000100100100000000000000010010101001000000000000100000100100000000000000000000000000000000100100001000000000100000000000000100000001000000000001000000000000000000000000000001000000001000100000000000000000010001000000001000000010001000001001000000010000000000100000
01010110100000000000000000000001000000000000010010010000000100100000010000000001001101010100000000000001100100100100000000000000100100101010001010000000100100100100101001001001010010010000100010010010000010010001010001001000010100101000001001001001001001010010001000010100100000001010010010010010000000000101000000010000000000000000000010000000100010000000
01010111010000100000010010000000000100010001000000000100100000000100000010010000000101101000100101010001111000000001010100010010000000000000000000010100000000000000000000000000000000010010000000000000010000000100000000000010000000000010000000000000000000000000100010000000000100100000000000000000001001000000000010000001000100100100010000000100000000001001
01010111110010000100000000010010000001000000000100100000000100100001001000000100100010101100010000000111111001010000000001000000101010010010100100100001010010101010010010101010010100010000001001010100000101000000010010100000100101001000101010101010101010010100000000100100100000000010010010010010000000010000101000001000010000000000000001000000010000100000
00010101011000000001000001000000010000000100010000000010010000000100000001000000000010100001000010010010101100110100100100001010000000000000000000000100000000000000000000000000000001001001000000000001000000010010000000001000000000000000000000000000000000000001010100000000001001001000000000000000100100000010000000100000000000010001000100001001000010000000
01001011101000010000001000001000000010000001000001001000000001000000100000001001101001010000001001000011111100111100000000100000001001001010010101000000010100100010101010010001001000001000001010000000010001000000100100100010101001001010100100010010010010100100000001001010000000000001001001001000000001001000000010000010000100000000010000000000000000000100
00010100111100000000000000000100100000010000000100000000100100010000001001010010001000000001010001100101101101111110101000000100100000010000000000010010000000001000000000000100000010011001110000101010000100001000000000000000000000000000000001000000000000000000100000000000100101010000000000000010010000000000010000001000100001001001000000100000010000010000
01000010110110000100100100100000000100000100000000001000000000000100100000000110000000000000000000111110111111101110000010100000000100100001001001000001001010000001000100100000100000010011011010111111000000100010101010010100010010101001001000001001001001010100001010100100000000000100100100100000000100010001000000100000000000000000000010000100000010000000
00010101011010000000000000000001010000100000101001000010010001000000000100001001001010101000000100011111101011011000010000001001010000000100000000001000000000101000010000001000001000101110101111010101001000000000000000000001000000000000000010100000100000000001000000000001010010000000000000001001000001000000000100000000010010000100001000000001000000000010
01000010101101001000000010000100000010000010000000001000000100001001000000011001100001000010000010111010111110111010000100100000000010000000101010010010010010000010000010000010100010100101110101010110000010010010000010010000001001001001010000000100001010010000010001001000000000100100100100100000010000000100010000000101000000010000100000010000001001001000
00010101011101100001001000010000000100001000000100100000100000100000010010010000000000010000010011010111011011101110010000000100100000100100000000000000000000010000010000100000000001010101010110111010001000000000101000000100100000000000000100100010000000000101000100000010001000000000000000000010000010000001000001000000000001000000000001000010000000000000
10001001010110100000000000000000010000100000000000000010000000000010000000010101001001000101000111101010101101111111000010010000001010000001001001001001010100000100000100001001001000001011101011010100100010101010000001000000000100100101000000001000100101000000000000100000100010010010010010010000001000010000000100010000001000000010000100000000010000000000
00100010101010100000100010000000000000000001001000010000001010001000001001100100000000000000000001100111010111011111001000000010000000010000000000000000000001000001010000100000000010001110100010111010010000000010101000010010010000000000010101000000000000010100101000001000000000000000000000000001000000000010000000000010000000010000010000001000000010010010
01001001010111010010000000010010000010001000000010000010100000100000100000100011000100101010001011101011001010010000000001001000100100000101010010100100100000010000000010011001001000000000000101100000000010001000000010001000000010101001000000010010101001000000000010100010010100101001001001001000000010001000010000001000100100000001000000100001000000000000
00000010010101100000000100000000010000000010001000001000000000000010000100000000110010000000100000100001110101001000100100000000000001001000000000000000001010000101000000001000010000001010000010000000010000100000001000000001010000000000001001000000000000001001001000000000000000000000000000000001001000100000000010100000000001000100000010000000010001000100
01010001010101010000010000001000000001001000100000100000001001001000000000011100110010100011110010000000110010101100000000100100101000000001001001001010000000100000010100101100100100100000000000000000000010000010000001001000001100100100100000001010010010000000000000100101001001000100100100100100000000000001000000000000001000000000001000000100000000000000
00000100010101110010000001000001001000000000000010000000000000000000100101001111111000000110111000000010000101010100010010000000000010100000000000000000100100001000001000000101111100000100100100010101001000001000100100100001000010000000000100100000000000101010100100000000000000010000000000000000010001000100001000000100100000010000100000000000100100101100
00100001010110101000000000000000000000100000000100001000100100100010000000011101010000010011011100010000100101011010100000010010010000001001001010100100000000100111011010000111010100010000000000000000000000100000000000100100000010010010100000000100101010000000000001001001001001000010010010010001000000000000000010010000000001000010000000100010001000000100
00001000001001010000010000100100010010000100100000100010000000001000010000001011011100100111101100000000100010101101111001000000000001000000000000000001010010000111101000010001100010000010010010010000100010000001001000000000100000000000001010010000000000010001001000000000000000000000000000000000000100010001001000000001000100000000000010000000000100000000
00100010100110111001000010000000000000000000000000000000010001000000000100100111010100000001011110101000110101101001010000001001001000001001010001001000000000010010111001011111000110010000000000000010000000000100000010001000001001001001000000000010010001000100000010010100100100101001001001000100010000000000000000000100000000001000010000001000100000000000
00000000010010101100000000000010000000010010010010001000000100000010010000000101101010011010110100010110010010111101100100000000000010000000000100000000101001000001110101110000001001000010001001001000001000100000010000000010000000000000010010101000000100000000100000000000000000000000000000010000000001001001000001000000010000100001000000100001110000100010
00001010001010101010000100010000100100000000000000100001000000010000000001000010111100101001011011001010001010101011100001001001010000010010010000100101111100000100111011010000101010001000100000000000100010000100000001001000100100100100000000000001000000100100001010100100101001000100100100000001000100000000001000010001000010000000000100000001010100000000
00100000100101010100010000000000000001000001000100000000001010000010001000010001010100100100101101001101010101011101000100000000000100000000000000000011011110010111101110100000110100000000000010000100000000000001001000000000000000000001001001000100010100000001000000000000000000010000000000000100000000001000100000000000000000000100000000001010100010010010
00000010000000101110000000100100010000001000000000001001000000100000100001001101010001010100101010100111001011010111000000010100000001001010010010010110100111001101010101001011010100100010001000010000010000100100000010100100100100101000000000010000000001001000010010010010010010000001001010100000010001000000000010001000001000010000100010110110001000000000
00000000010100010011000010000000000000100000100010000000000000001000000100000011000001010100100011010001000101011001011001011010010000000000000000001010101011101101101010111100100000001000000000000001000010000000100000000000000000000001000100000010100100000101001010000000000000010000011001010101001000000010000000000001000001000000001010101010100010101011
00010001000001001111000000000001000100000010000000100100100100000100010000000001101000110100110100001000001101010101010100101111001111001001010010000101010101010010000001011010110110100000100010010000000000010010001001001001001001001000100010101000010001010101010101000100100100000100100000000010100101011000101000100000000000000010000010101010100000000001
00000000000000101011111000001000000000001000001000000000000001000001000000100001010100011100101000100010000110011010101001110101110101000011101000100101010110001001101100001101010111100000001000000100010100000000000000000000000000100101000100100101010110110101101101100000000001000001000000001000000000000101001010010100100000000000010101010101010100000110
00000000001010011111111110000000010001000000000001000001001000000000001000000101110110011010011010000000010110001010101101011111011111100001010100000010101000101110000111100000101101100100100000100000000000100100100100100100100100101010110011011011101101101110110101010010010000010000001001000000000001000000000001000101001101010001011111101010101001000011
00001001000001010111111111110001000000000001000100001000000000100100100010010000111111011110011000100111000010010101010111101011110101100101010100100001010101110101010001010000010000010010000010000010010000000000000000000000000001011111011000111101110110101001001000100000000100000010100000000000100100000000000000000000000001001010101110101010000100101000
00000000001001001001011111111000000100010000010000000000000000000000000000000001010101001110010001000111100010111010101010101110101111011110101011001000010011000001000100100010001011101000101000001000000010010000100001001001001000001010111000100100001000010000100010000100100000100001000001001000000000010010010010000000010000000000000001010101010010000000
00000000000100100101101101111110000000000100000000100100100100100100001000100010101011100110010000011110110010001110110101010111111011110111110110010010101000000001011010010000110110110000000000000001001000000010001000000000000001001001000100010010100010000101001001010000000010000010000100000010010001000000000000010010000000000100000000000000101001010100
00000010010000010100101111111111100001000000000010000000000000000001000000000101011101110001001110101011101000010101101011011010101111011101011001000111100000000101001010101010001010000000000010100000000010001000000000100010001000000000000010100100010001010010010010000001001000001000000000000000000100000100100100000000000100100000100000000000000001001010
00010000000010001010101011101111111000000010010000000010000010001000000100010010110110011111001101011111100100101011011101101011101101111111111010011101000011111010101001000100001010000101001000000000000000000000100000001000000001010101010000010001001010001000100100100100000000000010010001010000000000010000000000100100100000000000000100100100000100000000
00000000100000100010101011111111111100010000000000100000010000000000100001000011111011010101100101100100110100100101101110101010110111010010110000101110101110101101010101010100000101000010000000000000000000000010001001000000100100000000000101000100000000100100001001000000000001000000000100111111101000000000000010000000000010001001000000000000100000000000
00000010000100010010010100111011111111000000001000001000000001000100000000001001101110111110100010101011010100101010110110110101101101111010100001011101110111110101001010010100000010001000000000101000000010000000000000000000000000010010010000100001010101000010100000000000100100000101000000111111111111110101010000000000010000000000001000010000000000010000
00100000000001000100101010101110101110100010000010000001000100000000010010000000111011101001010011011010101011110001011101101010101011001011010110111010010101011101010001010000000000000000010010000010100000001000100000000001001001000100100100010100000000101000010101001000000000000010001000111101111111111010101101010101000000100100000001000010001001000010
00000000010000010001001010100111111011111000010000000100000000010001000000000100001010100100100010000101010010001010001111010110010101110101100101000001010101101101010100100000010000100000000000000000000100000000000001000000000000010000000010000010101010000101000010000000000000100100000001010111111111111001010101010101010100000000100000000000000000000000
00010010000010000100100101011011011111101000000000100000010001000000000001000001101010101010100000000010101010010010000110111011000010101010011001001001010101010110101000100100000100000000010000000000000000000000001000000000000100100000101000101000000001010000101001000010010010000000100000001000111111110110100010010101010111110101001000000001000100001000
00000000001000010000010100101001111111111110000010000000000000000100010000000010101101000101000000100101001000000000000111101000101001010101101101110100101010101010101100000001000000000000000000100001000000000000100000000010110100000000000000000010010100000100000000100000000000001000000101010100111111111111111111010010001000010101010110110100000000000000
01000100100000000010100010100110111011111101100000000100100100000000000100100111010100101010011001001101010000000001110101111110010010110101000101011100000101010010101011000000000010000000010010000000010000010000000000000001010010000000100101010001000001010001010100010000000000000100010001111111111111111111111111111111110101001001010011010101101010100010
00000000000001001000010101010101001110111111010000010000000000100010000000000101010101010101001100010101001010010101111110010010100101011010000101110111111001000101011101001000100000100000000000000000000101000001000000000001011000001010001000100100001000000100000010000001000001000001000011111111111111111111111111111111111111111101001000001010101010101001
00010000000100000010001000101010110011011111010001000000000000000000010000000010010000010010110100101010100011010111011011010110010101101100101011000101111110101011100111000000000100000000001000010100000000000100000000000000101000100000100010000001000101000001001000001000000100001000000011111111111111111111111111111111111111111111111111110010010010101101
00000100100000010000100101001010010101011011111100000001001001001000000010010000000001001010010100110111111010110010111101010011001010010110001110110011010101010110111010000010000000000000100000000010000000010000000000000000100100000000001000010100010000010100000000000000010000000000010011111111111111111111111111111111111111111111111111111111101100100010
01000000000001000010001000101001010101010111101010000100000000000001000000000000001000001011010101010101010101011010001011010001010100101101000111010101011010101011010100001000010000101000000000001000000010000000000000000000001000100101000001000000000001000000100100001000000000010010000011111111111111111111111111111111111111111111111111111111111111111101
00001001001000001000100010100101010101010101111010000000000000000000001000001001000000001101010100010111011101010101101011001010101010101011101010100010101010101101000000000000000000110000000000000000000000000100000000000000000100000000001000000001000100000010000000000010000001001000010011111111111111111111111111111111111111111111111111111111111111111111
00000000000000100000001000010010101010101101011111000000100100100100000001000000000010000110101010001010101010101011010101100110100111110101010101011010101010101111000000100000000100010000001000000000001000100000000000000000010010000000000010010000010000101000001000000000000000000001000111110111011111111111111111111111111111111111111111111111111111111111
00100100100100000010100010101001001010101010111101100100000000000000100000000000010000101011010101001011101101010101010100101110110011011010101101010101010101010000000010000001000000001000100000010000100000000000000000000000001000000000010000000101000010000000100000000010001000010000000111111111111111111111111111111111111111111111111111111111111111111111
00000000000000010000001000000100100101010101010110110000000000000000000100010010000010000101101011010100010110101010101000100111011011110111010101011010101010110000100000000000000000010000000001000000000000000000000000000000000010000000000100100000001000000100000000000000000000100010000111111111111111011111111111011111111111111111111111111111111111111111
00010010010010000010000010100010010101010101010111011000100100100100000000000000000101010100101010110101010101010101010101010101010110101010101011001101010101100000000000001000100100001000000100000000000000000000000010110100001001000000010000001001000001000000000000000000100000000000100111111111111111111111111111111111101111111111111111111111111111111111
01000000000000010000100000010001010101011011010101101000000000000000100001000001001001000011001010101010010101101010100101010110111011010100010101101001010110110010010010000000000000000000010000000000000000000000001011111010000100000000000000100000010000000000000000100000000100101000001111111111110111111111111111111111111111111111111111111111111111111111
00000100100001000010001001000100101010100101010101101110000000000000000100001000000100101000010011011011001010101010110111111101001101101110101100101000011011000000000000000010000000010000000000000000000000000001000101001000000010000010000000000010000000010001000000000000010000000010000111011011011111111111111111111111111111111110111011111111111111111111
00010000000100000000000000010010010010010101010110101010001001001000000000000000001010010101000101010101010010101010111101101101101010110010110110101010000000000000000000001000000001000100000000010000000000000000000010000100100000100000000000000000000010000000000000000000000001001000001111111111111110111101110111111111111111111111111111101111101111111111
00000000010000001000100101000100101001010101010101010110000000000001000000000001000010100010001001011101001101010100111111110110001011001010101010100101000000000001000001000000001000000000010001000000000000000000001001100011110010001000000000100000010000000100000000000000001000100000101111111111111111111111111111111111111111111111111111111111111111111111
01000101000000100000000000010001000101010101010101011011100000000000001001001000000001010001000100110100010110101010010101011010100101101101101010110101000000000100001000000000000000000000000000000000000000001000000001000011010000100000000100001001000010010000000010000000000000000010001111011101111011111111111110110110110110111111111111111111111111101111
00000000000010000010010010000100010010010010101010101001000001000100000000000000000000101100100010101000101010110101010110101010010101010101100010110010100000100000000000000000100000001000000000000000000000000000000000010101100000000000000001000000000000000000000000000000000101001000011111111111111111110111011111111111111111110111111111111111111111111111
00010000001000001000000000100010101001001001001010101111100000000000000000000000010000010010010101000101010101010101010010010101010110110110000010011001000100000000000000000010000000100000000100000000000000000000100001100010000001010100000100000100001000000000010000000000000001000000011101111111101111111111111111111111111111111111111111111111111111111111
00000100100000000001001010001000000100101010101001010100000000000000100010000010000000001001000001001000101010111001010101101010101001011010001000101110000000000000000000010000000100000010000000000000000100000000000100010000000000010000000000000000000000000001000000000000000010000100011111110111111111111111111111111111111110111111111111111101110111111111
01000000000010010000000000100010100010010001001010101000000100010000000000001000000000100100010100000000000101001000011010100100100110110111000100010000000000000010010010000001000000000000000000000000000000000000000000000000000000000100000000000000000000000000000000000000000000010001011111111111111110111111111111111111111111111111111111111111111111011111
00010010001000000010010010001000010100100100101011000000000000000000000000000000000100010001001011000000001000100110010111010101010101011110000000010001000000100000000000001000000000100100000000000000000000100000000000000000000000010010000000000000000000100000000010010001010010000000111111111110111111111011110111011101110111111111111111111111111111111111
00000000000000001000000100000010000001001010101000000000000000000010001000100000100000000100100001000010000001010000101101011010101010110000000000010000001010001000001000100000000100000000000000100000000010000000000000000001000001001010010010000000000000000100010000000000000000100100011101101111111011111111111111111111111111111111111101010111111111111111
00100010010001000001010001010001010100010010100000000000000001000000000000000000000000010000010100000000100010001010101101101101010010100000001001000010000000000001000000000000100000000001000000000000000000000000000000000010000000000001000000010000000000000000000000000000100100000000111111111111111111111111111111111111111101111111111111111111111111111111
00001000000000010000000000001000000010001010000000000010010000001000000000000000000000000010000001000000010000100101001010110110101010000010000000000000000000000000000000000010000001000100000000000000000100000000000000100000000000000101001001000000000000100001000101000000000010010010111111111111111111111111111111111111111111111111111111111111110111111101
00100000100100000100100101000101010001010100001001001000000000000000010001000100000100000000101101000000010010010110100101010000010101100000000000001000001000000100000100100000000000000000000000000001000000000000000100000000000000000010100000000000010000001000000000010101000000000000111111111011011111011110111111111110111111111111111111111111011111101111
00000010000001000000000000010000001010100000000000000000000000000000000000000000100000100000000010000001001000001010100010001001001010110000010001000000100001000000010000000000001000010001000000001000000000000000000000000000000000000010010101010100000000000000000000000010010101001001111011011111111101111111111011101111111011111111111111111111111110111111
00010000001000001001010101000101000100000000000000000000000010000010000000000000000000000000000000001000100010100101000101010100101001010001000000000000000000000000000000001001000000000000010000000000000000000000000000000000000000000001010000100000000000000100100101001000001000000001111111111111111111111111111111111111111111111111111111111111111111111111
01000001000000100000000000010000100000000000001000000000000000010000000000000000000000000010001000000000010100000000010000100101000100101000000100000100000010010010000001000000000100000100000000000000000010000000000000000000000000000001001101010110000000000010010000100010100000100101111111111111110111111111111111111111111111111111111110110111111111111111
00000100000010000100100100000100000000000000000000000100010000000000001000001000000000010000000001000001001000001001000101001010101010010000000000100000010000000000010000000000100000010000100000000000000000000000100000000000000000000000101010101010100101101001001010001000001000000001111111111101111111111011111111111111110111111111111111111111111111111111
00010000001000000000000001010000000000000000100000000000000000000000000000100001001010000000010000001000100001000100010010010010010010100000100000000000000000000000000000100100000000000000001000000000000000000000000000000000011000001001001010101010101010000100000000100000100010010011110110110111111111111111101111111011111111111111111011111111110111011111
00000000100000100101010100000000001000000000000000000000000000000000000000000000000000000010000000000000010100001001001001001001001001000100000010000010010001001000100100000000001011000010000100000000001000000000000000000000010001010010000101000000000000010000100100000010001000000011111111111111111111011111111110111111110111111111111111111101111111111101
01000100000010000000000001000000100000010000000001000000000100100100100010000000000000000000000001000000000000000000010000100101010010000000000000010000000000000000000000010010101000000000010000000000000000100000000000000000000100100000000000010010010001000010000001001000010001001011111111111111110111111111111111111111111111111111111111111111111111111111
00000000010000010010100100000010000000000000100000001001000000000000000000001000100000100000010000001000100010101010000101010000101001000010010001000001000000100100101010101001000000010001000000000010000000000000000000000000100000000000000000000000000100001000010100000001000000000011011111111111011111111111111111111111011111111111111111111111111111101111
00010010000010000000000000000000000000000000000100000000000000000000000000000000000010000010000000000000001000000001010010001010100100000000000000000000001010010010010000000000000010000000000000000000000000000000000000000000000000000001000100100100100000000001000000100100010100100111111101110111111111111101111111111101111111111111111111111111111111111111
00000000010000101000000000000000000000000000100000000000000100000010001001000001000000000000000001000000000000010000001000000100000000100000001001001010101001000001000010000100001000000100000100000000000000000000000000010000000010001000000000000000000010100100001001000001000000000111111111111111111111101111110111101111111111111111111111111111111111111111
00001001000010000000000000000000000000000010000000001000100000010000000000000100000000010000001000001000100001000101000001000011000100000010100100101001000000010100000000100000000000000000100001000000000000000000010001000000010000000000000010001000010000000000100000010100010010010110111111111111111110111111111111111111111111111111111111111111111111111111
00000000001000000000000000000000000001000000000000000000000000000000000000000000000100000010000000100000000100000000010100010001000000010101010010000000010101000000010000000000100000000000000000000000000000000001000000000001000000000000000000000001000000001000000100000001000000000111110111011101110111111111111111111111011111111111111111111111111111111111
00010010000000000000010000001000000100000000000010010000000100000010010001000000000000000000010000000000010000001001000000101000100010100000000000101010000000000000000100001000000010010010001000000000000000100000000000000000000000010001000100000000000010000001000001001000100100100111111111111111111111111111111101111111111111111111111111111111111111111111
00000000000010000000000000100000010000000001000000000001000000100000000000001001000010010001000000000100000000100000100100100000001000001010101010000000000000010010100001000010001000000000000010000000001000000000000000000000000001000000000000100100000000010000001000000010000000001111111111111111111111111110111111110111111111111111111111111111111111111111
00000000001000000001000000000000000000000000000000000000000000000000000010000000000000000000000001000000100010000100000000010100000101000000000000000001010101000000000100001000000000000000010000000010000000000000000000000000000000000000000000000000000000000010000010101000100100101111011101110111011111111011111111111110111111111111111111111011111111111111
00000000000000000000000000000000000000000010100100000000001000000100010000000000100100000000001000101010001000100010100100010011000000010010010010101000000000001010010000000000100000000000000000000000000000000000000000000100000000000000000100000000001001000000010000000000000000001101111111111111111101101111111011111111111111111111111011111111111011111111
00000001000000000000000000000000000000000000000000010010000000100000000000001000000000101010101010010010000010000000000100011101010010000001000100000101010010000000000001000000000010001001000000000000000000000000000000000000001000000010000000000000100000000000000000001001010010001111111111111111111111111111111111111111111111111111111111111111111111111111
00000000000001000000000000000000000000000010000000000000010000000000000010000001001010010001000001000001001000100100010010000101001000100100010000100000000000100100000100001000000000000000000010000000000000000000000000000000000000001000000000010000000000001000000100100001000000011111111011101110111111111111111111011101111111111111111111111111111111111111
00000000000000000100000000000000000000000001000100010001000000000100100001010100100000000100010100010100000000000001000010010010010010000001000010001001001000000000100000000000100000000000000000000000000000000000000001000000000000100000000001000000000000000000100000000100001001011111101111111111110111111111011111111111111111111111111111111111111111111111
00000100000000100000000010000100010000000100000000000000001001010010010100000010001010100010000001000000100101000100001001001001000100010100001000000000000010010000000000000000000010001000000000000000000000000000000000000000000000000000001000000000000000000000000000010001000000011101111111111111111110111011111101111101111111111111111111111111111111111011
00000000000010000000000000000000000000000010000100100101000100100000000001010000100000010000100100000100000000001000100010000100101000000000100001010010010000000000000100010010001000000000000000000000000000000000000000000000000000000000000000000001000000000000000000000000001000011111111110111011111111111111111111111111111111111111011111111111101111111111
00000000000000000000000000000000000000100100100001001000100010000101010100000100000100000010000000100010101001000000001000101001000001010010000100000000000000000100100000000000000000100000000000000000000000000000100000000000000000000000000000000000000000000000000000000010100010111111011111111111011111111111110111110111111111111111111111101110111111111111
00000000000000000000000000000000000000000010010100000000001000010000000000100000010000100000010100010000000000010010100010000000001010001000000000000000000010010000000010100101010100000000000010000000000000000000000000000000010000000000000000000000000000000000000000000010000000011011111111111111111011101110111111111111111111111111111111111111111111111111
00000000000000010000010000000000000000000000000000100101000001000001000010000010000010001010000010001010100101000000001001000101010000000000100100010010101000000010010100010010010010000000100000001000000000000000000000100100000010010000000000000000000010000000000000000000010010111111110110110111111111111111111111011111111111111101111111111111111111111111
00000000010000000000000000000000000000000100100100000000001000000100001000001000101000100001010001000000000000000101000100100010001010101010000001000000000001010101010010101010100000100100001000000000000000000000000000000000000000000100010000000000000000000000000000000101000000111111011111111111011111111111111101111011111111111111111101111111111111101111
00000010000000000100000000010000000000000000000000100000100000010000000001000010000000001000000100010101010010100000010000010100100000010100101010101010101010100100101010010000001010001001000000000000000000000000000000000000000001000001000000100000000001000000000000000000001001111011111111111101111110110111011111111111111111111111111111111111111111111111
00000000000000000000000000000000100000000100100000000100000010000010101000010000100101000010010000000000000000001010100101000001001010100010010100101010010100101010000100100101000000100000000000000000000000000000000000000000000000000100000000000000000000000000000000000100100000111111111101110111111111111111111111111111111111111111111111111111111111111111
00000000000000100000000000000000000001000000000100100001001000100000000010000100000000010000000010010000010101000000010010010100010010011010101010100101010010100000100001000000101010000000000000000000000000000000000000000000000000000000000000000000000001100001000010000000000101111110111111111111111011111111110111101111111111111111111111111111111111111111
00000000000000000010000000000000000000000010010000001000000010001010010000100001001001000001000000000101000000010101001001000001010101001010101001010101010101010010010100010101000000000000000000000000000000000000000000000000000000000000000000000000000000001100101010110100100001110111110111011111101111110110111110111111111111111111111111111111111111111111
00000000000000000000000001000000000000000000000010000010100000000000000100001000000000000100010010010000001001000010010100100101001001010010100101010101010101010001000010001000000000000000000000000000000000000000000000000000000000000000000000000000000000000000001000000000001001111111111111111110111111011111111111111111111111111111111111111111111111111111
00000000000000000000000000000000000000000000100000101000001001010010010000100000100000000000001000000100100100101000100010100100101010101010010101010101010101100000010001000000000000000000000000000000000000000000000000000000000000000000000000100000000000000000000000001010100011111011011101111011111111111111111111110111111111111111111111111111101111011111
00000100000000000010000000000000000000000000000010000000100000000000000000000010000101001001010010101010010010010010101010010010101001010101010101010101010110100010000100000000000000000000000000000000000000000000000000000000000000000000000000000000000000000000000000000000000011011111111111111111111101111110110111011111111111110111011111111011111111111111
00000000000010001000000000000000100000000000100000000100000100000001000010000000000000000101001001010010101001010101010001010010101010010010101010101010110101000000000000000000000000000000000000000000000000000000000000000000000000000000000000000000000000000000000000001000100011111111110111011111110111111011111111111111111111111111111110111111111111111111
00000000000000000000001000000000000000000000000001000000000000100100000000010001010010101000101010010100101010101010101101010010101010101101011010110101010101000000000000000000000000000000000000000000000000000000000000000000000000000000000000000000000000000000000000000010000111110110111111111011011111101111111101111111111111111111111111111111111111111111
00000000000000000000000101010100000000001000000000010001000010000000010010000100001001001010010001010010100101001010010010100001000101010101101011001010101101001000000000000000000000000000000000000000000000010000100000000000000000000000000000000000000000000000000000001000010011011111111101111111111111111111101111111111111111111111111111111111111111111111
00000000000000000000010000000010101010000000001000000000010000001001000100101010101010100101001101010101011001010101010100010010101010101010101101011101010110100000000000000000000000000000000000000000000010000000000000000000000000000000000000000100000000000000010000000001000111111111101111110111111101111110111111011111111111111111111111111111111111111111
00000000000000000000000101010000000101010000000001000100000100100010010010100101001001011010100101001010101010101010101010101001010101010101101010100101101010000000000000000000000000000000000000000000010000000000000000000000000000000000000000010000000000000000000000010100000111110110111111011111011111101111111111111111111111111111111111111111111111111111
00000000001000010001000000000101010000001010100100010001010010010101010100101000101010100101011010101010101010100101000100100001001000101010110110111010110111000000000000000000000000000000000000000000000000000000000000000000000000000000000000000000000000000000000000000000100110111111111101111111111110111111111011111111111111110111111111111111111111101111
00000000000000000000001000000000000010100010010001000101001001010010001010010101010001010010101010101010101010010100101010101001110111000101010101010110101010000000000000000000000000000000000000000000000000000000000000000000000000000000000000000000000000000001000000100100001111111111110111111101110111111011011110111111111111111111110111111111110111111111
00000000000001000100000001001000001000001000101010010100101010101001010010100101001101001010101010101011010101001010010101010001011110101010110111101101011101000000000000000000000000000000000000000000000000000000000000000000000000000000000000000000000000000000000000010000100111011011011111110111111111111111111111111111111111111111111111101110111111111111
00000010010000010001000000000001000000100010000101010010100100100101010101010101010101010101010101010101010000100010101001011001101110100101011010110111101011000000000000000000000000000000000000000000000000000000000000000000000000000000000100000000010000000000000000000010001111111111111111011111011101101111110111111111111111111111111111111111111111111111
00010001000010000000010000000100000100000000010000101010010101010101010101010101010010101001010101010101001010010101010101001000111010010101101010101010110110000000000000000000000000000000000000000000000000000000000000000000000000000000010000000100000000000000000000100000001101110111110111111111111111111110111110111111111111101111111111111111111111111111
01001000001000010100000010010000010000010010000100010101010101010101001010101010101010101010101011010101010101000100100100101000101010100110101110111101011101000000000000000000000000000000000000100010000000000000000000000000000000000001000000000000000000000000000000001001001111111110111110111011101111111011111111111111111110111111111111111111111111111111
00010010000001000001000000000000000001000000100001000100101010101010101010010101010101101010110101010101001000101010010010100110101001010010110011001011101011100000000000000000000000000100010000000000000000000000000000000000001000010000000000000000000010010010001001000000011111011111111011111111111101101111110111111111111111111111101111111111111111101111
01000100101000001000000000000000000000000100000100010011010101010101010101101010101010101110101011010101010010010001010101010101010100010111011101110101010001000000000000000000000000000000000000000000000000000000000000000001000000000000000000000000000000000000100000100101001101111011011111110110111111111111011101111111111111111111111111111111111101111111
00101000000010000000000000000000000000000000010000000100100101010101010101010101010101101010101101011010001001001010101010101010101010101001101010101101101011100000000000000000000000000000000000000000000000000000000000000000000000000000000000000000010010010100001010000000011111111111111111011111110111011111111111111111111111111111111111110111111111111111
01000001001000101000000000000000000000000000000001000000101010101010101010101011010110101011011010101001100100100010101101101010010010101101010101010110110110100000000000000000000000000000000000000000000000000000000000000000000000000000000000000010000000000001000001010100011111011101110111111111011111111011111011111111111111111111111111011111101111111111
00101001000000000000000000000000000000000000000000010100010101010101011011011010110101111101101011010110010010010100010010010010101010100110101111111011011011000000001000000000000000000000000000000000000000000000000000000000000000000000010010101000010101001000101010000000111101111111111101111011111101111111011111111111111111111111111111111111111111111111
10000010010010100000000000000000000000000000000000000001001010110110101010101011010101010101010101011001001001000001000100101001010101011001101010101101101101010000000000000000000000000000000000000000000000000000000000001000000000000100000000000001001010100100000000000100110111110111011111101111111111101111111111111111111011111011101111111111111111111111
01001010000000000000000000000000000000000000010100000000100101010101101101101101010010101011101110101010100101010100101001000101001001010110110101110110110110000000000000000000000000000000000000000000000000000000000000000000000001000000000000101000001101110001010101010000111111111111111011111110110110111101110111111111111111101111111111111111111111111111
01001000010100000000000000000000000000000000000010100100000010101101010110110101111000101101011010110101010100000010000100101000101010101011011011011011011010100000000000000000000000000000000000000000000000000000000001000000001000000001001010000101010101010100001000000010011111111101111111011011111111111111111111111111111111111111111111111111111111111111
00001010000001000000000000000000000000000000000000101000101001010110111010101010101110100010101011010101001010101000100010000101010101110101101101101101101101010010000000000000000000000000000000000000000000000000000100000000100000001000000000101000100110110010100100100000000001011111111111111111101111101110110111111111111111111111111111111111111110110111
10011000100000000000000000000000000000000000000010001010000000101011010101101111010101011000010101010101010001001010010100101010100101011110110111011110110101001000000000000000010000000000000000000000000000010000100000000010000001000001010101001010001011011010101010001000111000000010101111111111111101111011111111111111111111111111111111111111111111111111
00010010001000000000000000000000000000000000000000000100001010010101011010110101101101000101000010101010101001000100100010100100101010010010101101110101101101010000000000000010000000010000000000000100000010000000000000000000000100010100001010101100100101101010101000000100000001001000010010111111110111111111101111111111111111111111111111111111111111111111
00110000000010010000000000000000000000000000000000000000000001001011101111011010110110100010101101010101010100101001001001001001010101101111011011011110110101000000000000000000000000000000000000000000000000000000000000010000010000000010100101010101001110111010101001010000000000000110011000000101111111101110111111111111111011111111111111111111111111111111
00100100100000000000000000000000000000000000000000000000001000101101010101101101011010110101011011101101010110100100010010010100101010101010110110110101101101010010000000000000000000000000100010000000000000000000010010001010100101010100010010101010010011010101010100000101010100000000010001100100001011111111111111111111111111101111011111011101101111111111
00110000001000100001000000000000000000000000000000000000000010000010111010110111101101101111101101010101010010101001000100100011010101110101010111011011010101001000000001000000000000000000000000001000001000000010000100100100101010101011011010101101101101011101110100100000000001010000000000000110010100010111111111111111111111111111111101111111111111111111
01000101000000000101000000000000000000000000000000000000000000101001010111010101010110110100110101011010101101010100100010010100101010010101011010110110111010100000001000000000000000100000000000000000000000001000101001010010100101010100101101101010110110110110101000001000000000000100000010010101011000100000010111111111011111111111111111111111111111111111
01110000000010000100000000000010000000000000000000000000000010000010111010111011111011011011010101101011010101001010010101010101101011011111101111101111010110101001000000000100000100000010001001000001000000100010000100101010101010101011010101011011011011011011011010100010101001000001010000000000000000100011000000010111111101111011111111111111111101111111
00100010010000010100000000000000000000000000100000000000000000010000101101101101001010101010101010101010101010101001001001010101001000101010111010110101101010100100000000010000100000001000100000010100000000001001010101010101010101010101101011010101101101101101101000001000000000010000000100100000000000000010001000010000110111111111101111111101110111110111
01101000000000001000000000000000000010000010000000000000000001000101010111010110111101101010101101010101010101010010100101001000100010110111111111011010111010101010101010000000000010000010001010000000000101000010001001010101010101101101011101101110110110110110111101000010010101000100100000001010010010001000000000110001000101011111111110111111111111111111
01100001000001010100000000000000000000100000000000000000000100000001111010111011010101010010100101010010101010101001010010100010111011011010101010101111010110101001000100101010101001010100100101010100000000101001010101010110110110101010100101010101011011011011010110010000000000000001000101000000000000100000000000000001000000000010111111110111111111111101
01010000000100000000000000000000000000001000000000000000001111010110101101101101010101001010010101001010010101010101001001010101001101101111111101110101011010101010110010100101001010101010110100101010001001001010101011011011011010110110111010111011101101101010101011000100100100101000010000010010101000000100100100000000000000000000000011111111011110111111
01100100010000101000000000000000000000000101000000000010010010111011010110110101010101011010101000101010101010101010101010010101110101010101010110101101101010101101001010101010101010101011001010100100100010101010101101010101010111011011010111010101010110110111011101100000000000000001000001000000000010010000000001010010000000000000000000001011111111110111
01000001000001000001000000000000000000000000101000010000001011011101111011010101011010101010100101010101010010101010101001001010010110111010111011010110101101010101101010101010101010101101011011010100000100010101010101011010110101010101010101011010111011011010110110111101001000100100000100001001001000000010010000000000010000000000000000000000001011111111
01101000000000000000000000000000000000000000000110000100100101101011010101010101101010101010010101001001001010101010101101010101011011010111010101101010101010101010101010101010101010110101101010101010010010101010101010101111011010101010101010101011010101010101101101101011110100000000010000100000000001010000000100001000000010010000000000000000000000010111
01000010000100010000000100010000000000000000000001000010001110110110101101101101010101010101010101010100101010101010100101010010101010101101110110110110110110110101010101010101010110101010110101010101001001010101010101101010110111111111110110110101011011101110110110101000001110000001000000000100100100000100100001000001000000000010010000000000000000000000
01101000000001000010000000000000000000000000100000010001010011011011010110110101010110101010101010100101010101010101011010101101010101110110101010101010101010101010101010110101011011011101011011010100100101010101011011011101101101010010011011011011010110110101011011010101000000010001010100010000000000100000001000000100001001000000000010000000000000000000
01000000101000000000000000000000000000000000000010000100011010101010110101010101101010110101010101010100100100101010100101010101010101011011011011010101010101010101010101010110101010101011101101010110010101010110101101101011011011011101101101101101101101011011101100000000101001000010111111000001001000000100100000100000000000001000100000010001000000000000
01100100000100100000100000000000100000000000000000010000101010101010101010101101011010101010101010101010101010100101011010110110101010101010110101101101101101010110101101101011011011110110101010110101001010110101110110111101110110101011010110101010110110101101010000100100000000000000000010111110000010010000000010000000100000000000000001000000001000000000
01000001010010000100000001000010000010000000000000000001010101010101010110110101101011010101101010100101001001010101010101011010110110101101101101010110110101011010110101011010101100101010110101010101010101010110101011010110101101111101111010110110101011110110110010000001000100010010000000010101111001000001001000010010000100100010001000000100000001010010
01101000001000000000000100000000000000000000000000000010010010101010101010101010101101011010101010101010100101001010101011010101011011010110110110110101010101100101010101101011010110101101011011001010101010101011011101101011111011010110101011011011011101011011010001010100010000000000100000000000101111110100000000000000000000000000000000000000100000000000
00100010101010100000000000000000000000001000000000000001001000010001010101010110110101101010101010101001010100101001010101101111101101111010101011010110101101011010101010101010101010101011010101010110010101110101101011011110101110110101011101101010101011010101101110101010000000100100001001000000000000011111101010001000010000010001000010010000000100000000
00100000101000010010010000000000000000100000000000000100010101001010010010101010101010101101101101010110101011010101010110110100110110101011011101101011010101010101010110101010101010110101101110101011010110101010110110110101110101101111101010101101101101101110110101010101101000000000100000001001000000000001111101100010000010000000001000000000000000010010
01010101010101000000000000001000001000000000000000000001000000100101010101010101010110101010101010101001010100101010101010101011011011011101101010111101101101010101010101010101010101011011011011011010101010110111011011101111011111011010110111010110110110111011011011011010010101000100000010000000000100000000000110111101010000000100000000000100100001000000
00100001010100101001000000100000100000000000100100010000010010010000100100101010110101011011010101010110101010100101010101011101101101101011011011010110110101010101010010101010101010101101101101101010101101011010101110110101101010110110101101111011011011010110101101101010101000101000010000010000100001001000000000010111111110100000100000100000000100000000
00110101010010100100000100000000000000000000000000000100000000000101001010101010101011101010110110110101010101011010101010100110110110110110110110101011011010101010101010101010101101101011011010101101010111010101110101011010110111011010110101001101101101111011110101010101010101000010000001000010000000000000000000000000010111111101000100000000010000000100
00001001010101001001010000000000000000010000000000010000100100100000010001001010101100101101010101010101010101010101010101011010101011011011011101110101101101010101010101010101101010110101101110110110101010110110010101101111011010101101010101101010101010101110101101101010101010101000100100000000001000000100100001000000000000101111110010001001000000010000
01000101010100100100000001000100000010000010010010000000000000001010001001010001010011010101101011011010101010101010101010101010111101101101101011011110110110101010101101011010101011010110110101010101011101010010110110110101101111110111111110110101011011101011110101011011010010010101000000001000000001000000000100000000000000000001011111101000000000000000
00010010101010101001010100000000100000000000000000101010000001000000100100101010101010101010101101101011010110101010101011010101010110110111011101101011010101110101010101101010101101011011011011101010101011101011011011011011011010111010100101011111101101011110110110101101010101000010010101000001000000001000000000001001000000000000000101111111101010000000
00000101010101010100100001010000000000000000000010000000100100000010000010000100101010101101010101010101110101010110101101011011010101101101110111011101111011011110101010101010110101101101101101010110101010101010101101101101110111010111011101101001011011110101101101110101010101011001000000100100010000000000100000100000001001001000000000001011111101010100
00100001101010101010010100000100001001000010111101000100010000001000010000101010001010101011011010101101010110110101010101101010110110110110101101110110101101101011110101010111010110101010110110101011011101010101101010110110101101101101101011010110110110111110111010101011010101001010101010001000000101000000000100000000000000000001000000000000001111111010
00001010101101010010100101010001000000001011101111100001000000100000000100000001010010101010101101110110101010101010110101010101011010101101111011011011110110110101011011011001010101010111011011011010101011011010110111011011111011011010110110111011011011010111101101011101101010101001001001000010100000010010000000000010000100000000001000000000000000101111
00100010101010101010101000100100001000011110111010111000001010000001000001010100101001010101010101010101011011011011010110101101101011010110101110110110101111011011010110101010101010111010101101010101010101101011011010110110101110111111011101101101101101111010110110101010101101010100100100101000001001000000010000000000010000100100000001000000000000000001
00000101010101010101010101001001000001110111011111011100000000001000001000000010001010100101010110101010101101010101011011010110101101111011110111011111111011101110111010101010110101001011010110110110101101010101010111011101110111101011101011010110110110101111011011010101010101010101010010010010100000001001000010010000000000000000000000001001000000000000
00011010110101010101001010100100101011011010110101101011000101000000000001010001000100010101010101011101101010110110101010110101010110010101011010110101010110111011101100010101010110110101111011010101010110101011011010110110111010110110111101111011011011110101111101010010101011010101001010100100001010100000000000000010000000000001001000000000001001000100
01101011010101010101010010010010010111101111010110101111110000010010000100000100010001010101010101010110101101010101010101011011111011101110101011111111111011011100011001010110101011011110101101011011011010110110101101101011010111011101101011010101101110101110101011011101011001010101010100010010100000000100101001001000001000000000000001000000000000000000
10101010101010101010101010101001011010110101011010110101010100000100010000000000001010000010010101010010110101101101101101101010010101010101110110101010101111101010110001010101011101101010110110101101010101011010110110111101111101110111011110111111111011111111111110101011010101001010101011001000010101010000000000000000100001001000000000001001000000010000
01010101010101010101010101010101101101011010101101011010111010000000000000000010100000101001010101011010101010110110110110101101101101111011011011011111011010101000100010101010101010101011010101110101011011101011010101010110100100001000100001000100010101000000000001010101101101010010010100100110100000000101001001000100000000000001000000000000001001000000
10101010101101101010101010101010110111010101110110101101010111010000100001001000000100010101000100100101010110101010101010110110110110101101101101110101111110010001000101011011010101011010111110101010101101010101011111010000000000000000000000000000000000000000000001101110100101101101000010010100101010100000100000010000001000100000001000100000000000000010
01011011010101010110101101010111011010101010101011101011101101100000110000000000010001000000101010101010101010101010101011010101011011010110110111011110110100100010000110101010101101101111010011011101010101010101101000000000000000000000000000000000000000010010000001010011011010110101111000100010010010010100001010000010000010000100000000000000000000000000
10101010101010101010110101011010101010110110101010110110110110111000001100000000000000010101000010010101011010110110110101011011101010111010101101110111101000000100011010101010110110101000000000000110101011011110100000000100010001000000000000000001000000000000010000101001010110101010001111011001000101001010100000100000100000000000100010000100100000000000
10101101011011011010101011101010110101010101011011011010101011011000000011001001000100000000010101010010101011011010101101101101011011010111111110111010100010010000001010101101010000000000000000000001011010101000000000010000000000000000000100010000000100000000000010011101010001011001100101000100100000100000001010001010001000100010000000000000000100100100
01101010101010101011010101010101010101010101010101010110111010101100000001100000000001001010001000001010101001001010110110101010101101101101010111011110000000000000110101110101000000000000000000000000101011000000000000000000000000000010000000000000000000000000000000000110111010000101010100101010101101001010100100100000100010001000001000100000000000000000
10101011010101010101101101010110101010101010101010101011010111101111000000011000100000000000100010101001010101010101010101010110110110110111111011110000010100000011011010000000000000000000000000000000011100000000000000000000000000000000000000000000000000001000010000011011010111110101010101010101010100100000010000010100001000000000100000000100100000000000
01010101011011011101010101101010101010101010101101101101011010110101100000001110000100010000001000010010001010101010101010111011011011011101011101010001000000000000100000000000000000000000000000000000000000000000000001000000000000000000000000000000000000000000000000001010101000010110010010010100101001010110100010000001000010100100000010010000000100100100
10110110101101101010110110101101010101010101101010101010101010101010111000000011000000000010000010000100100100101011010111010101010101110111101110100010000000100000000000000000000000000000000000100000100000000100001000000000001000010000000000000000000000000001000001000111011111010011101010100010101001001001001001001000101000000001001000000000010000000000
10101010110101010110101010110010101010101010101010101101110111011111011110000000110001000000100001010010010010101001010100101011101110101101011000001000000000000000000000000000000000100000000010000000000000000000000000000000100000000000001000000000000000100000000100001000101001010101010101011001001010100101010100100101000000101000000001000101000000000000
01010110101011011010101010101010101010101010101010101010101010110101101011000000011100001000001000000000101001010101010101011010110111111011110010000001000100000000000000000000000000000000010000000000000000100000000000000010000000000000100000000100010000000100000000010101010101101101010100101101010001010101000100101000010100000101010000010000000010010010
10110101110101101010110110100101010101010101010101010101011011010101010101110000000101000000000010010100000100100101010101101010101010101111000000101000000000000010000000000000000100000001000000000010000010000000000000000000000000000000000000010000000000000000010000010110101010010110101010001010010101000001010010010101000010100000000100100000010000000000
10101101011010101011010101010100101001010100101010101101010101011101101110111000000010100010001000000001010010010010010101010101111111011100001010000000000000001001010101001000100000000000000000000000010000000001000000100000000000100000000000000000000001000001000001001011011101101001001011101010100101010100001001010010010100010100010000000101000010010000
10110110101110110101010100101010100101001010101010101010101011100110111011011110000000111000100000010010000001001001001010010110101010110100100000100000000000100101010100100100000000001000000000001000101010000100001000000000000000000010000000000000000000101000000000101010101010101100101001011010101010101011010000001000100010100010100010010000001000000100
10101010110101010101010101010101010110101010101010101011011010110101010111101011100000001010000001000000010100000100100101010101101101110000001010000000000010001010101010110101010001000000000001000000101101010000000000000100001000000000000010000000000001010101010100010101101101010011101100100100101010100100010110100100010100101000001001000000100001010000
10110101010101010101010101010010101001010101010101010101010101010111101101010101010000000101000000000010000001010010010001010110110111000010100000000000100000101001010101010101001000000100010000000101010110100001000001000000000000000000001000000000100010100101001001000101011010101001010110101010101010010101001010101001000010010010100100010100000100000001
11001011011011011010101010101010101010101010101010101010101010101010111010111110111100000001101000001000010010001001001010101010101010100000001000000000000100100110101111101100100101010001000100010001011011011100010000000000100001001000100000001000000010110101010010110010001010110110110010101010100101101010101010001010101000100001010010000010101000000100
00101101101100101101010100101010100101001001010010101010101101011101010111010011010110000000010100100000000000000010010100101010110110001010100000000000000010010010110101010101010101101000010001000101101101101011000100001000000000000000000000000000000011010101010110101101100101001101011010010110101010000010101010101000101010001000001001010000000010100000
10110101010011010010101010101010011010101010101010101010101010110111011010111101111011100000001010000001000100101000100010101011011000000000000000000010001001011011010101010101011010010101000100101010010110110101010100100000000100000000000000100001000010101011010101010110110101100010110101101010101001101100010101001010100100100101000010001010101000010100
10101101101101101010101001010101010010101010101010101010101010101010101011010110101101110000000011000100000000000000001001010101010000101000000000001000010010001101011010101010101101001010101010010101101011011011011010010010010000010010000100000000000110110101110101011010101010111010001010110101010100110010100000100101010001010010101000000001010010000010
10110101010101010101010101001010101010010101010101010101010101011010101101010101010101011100000000110000010001000101000100100101010010000010000000000000001001110110101010101011110101101010010010100100101101101101101011010100100001000000010000000100000011011010101011101010101101010111101010010111001010011010101101010010101010100101000101010100000100100000
11010110101010101010101010101010101010101001001010101010101010101010110101011011101110101111000000011001000000000000010010010010100000100000000000100001000101010101010101010110010100101010101010110101011011010110110101010101001010000100000000100000100101010111010100010110101011101000101101001000101101101010100101001000001000101001010010010010010000010101
01011010110101010101010010101001010101010101010100101010101011010101011011101101011011110101100000000110000100010001000001001010000100001000000100000000101010101101010101011010101011010101010101001010101010111011011011011101101001010001001010000100000110101010110110101001011010110111001010110100100010101001010101010101100010010101001000001001000101000000
10101011010101010101001010101010100101001010101010100101010101010110101010101010101010101110111000000001100001000000001010010010010001000000000000000100010101101010101010101101010101011101101010101010101101010101101101101010110110101010100000100010010101111011010101110101100101011001101101010111011001001101010101010010011010000000100101010100010000101010
10101010101010101010101010101010101010110101010101010101010101011000101010101101110110110101011110000000110100000100000000100100000100000000000000000010101010100101010101010101101010101010101010101010101011101110110110101111010101010100101010101001001110101101101110101110101010101010110111010100101101010010101010101010001010110101000101010010101010010000
10110110101010101010101010101010101010101010100101010010101010100101010101010110101011010111101011000000001010000000101001001000100000000000010000101001010101010101010110101010101101101010101010110101010101010101011011010101101101010110101010010101010101010110101001010101010101000101010101010100110101011011001010101010101010001010101000001010000101001010
11011001010101010101010101010101010101010010011010101010101010101010101010110101011010101010110110110000000101001000000000000010001000000000000000000101010100101010110101010101010110101010010101001010101010101011101101110101011011011010101010101010101011011010101110111010101110111010010101010110101010100101100100100101010101010000100101000001010010100000
01010110101010101010101010101010100100101010101001010101010101001010101011010101010110111011011011011000000001100001000100101000000000000100000010101010010101010101010101010101011001011101010110101011011010101101010110101110110110101010101011010101011101101011101011010110110101101011100010010011010101010101011010010100101010101010101010110100001000101101
10101010101010101010101010100100101011010101010101001010101010010101010101010101101001101101101101101110000000101000000000000001000000010000001000010001010010101101010101010110101101100101101001011010100101010011101010110101101101101101110101010101010110111101010000101110101010101010111101011000101101010101010111011010010010010101010100010101100010000000
10111011010101010101010101010101010100101010101010101010101010101010101010101010110110101010110110110111000000000101001001000100000000000000000001001010100101010101010101010101010110101010101011010101011010101101011111011011011011010110101101111011011011010111101101000010101101010101001011010110010010110101101001000111010100100101010010100010010100101001
10101101101010101010101010101010101010101010010101010101010001010101010110110110101010110101011011011011110000000101000000010000001000000001001010010010010101010101010101011010110101010101010101010101010110110101110101101101101101111011010110100010110110111010111011110100101011101011000101010101101001001010101101010101011010101000010100101001010010100100
10110101011010101010101001010101010101010101010101011010101010101010101001010101010101010111101011011101011100000000101000000010000000000000000000100101010101010101010101101011010101011010101011010101101010101110101010110110110110101101111010000011011011010110101101011111010010101010100010101101011110101010101010101010101001010101000100101010101001001010
10101011010110101010101010101010101010101001010010100101000101010101010110101010101011011010101101101010110110000000010101001000000000100100010010010101010101010101001010101100101010100101110101010110101101010101010111011011011011110110000000000010110110111011010110110101101100010101110110101010101010110100100101110101010100010101010010001010100100010010
10110101101010101010101010101010101001010101010101011010101010101010101001010101010101010101011010110111011011100001000100000000000000000000001001001001010010101010101011010110101101011010101101011010110101011010111010101101101101010100000000010011011011010101111011010110110111011010001110101101010101010111010100001011010101010101011010100000010011001010
10101101011101101010101010101010100101001010101010100101010101010101010101010101010110101011101101011010110110110000000010100000000010000001000010010101001010101010101010101010101010101010101010101010101010101011010111110110111010100000010001000010111101111110100110111010101101101101010001010110101010101010101011010000101011011010100001011010000100101001
10110101101010110101010101010101011010101010101101010101010101010010101010100101011001101100101011101101101111111100000000100000000000001000010100101000101010010010101101010101101010101101010101101011010101101101101101011011100000000000000000001001101011010101000010101011011010110101101001010011111010100101011010101101001001010101010100101010110010000101
01010110101101011010101010101010100101010101010101010101010101001010101010101010101010110110110110101011011010101101000000010000000000000001000010010010101001010101101010110101010101010101010101010101010110101011011011101100000010000000000100100110110110101110001000010101101011010110110111010000001010110101101011010110110100100110010110101001001010100000
00111010110110101101010101010101011010101010101010101010101001010101010101010101010110101011011010110110111111110111000100000000000001000100010101001010101010101010101011001010101011010101010101101010111001110110110110100000000000000010100010101011011011110101000000001110110101011011011010111110100010011010101010101010101011001000101010101101010001011101
00001011010101101011010101010101010101010101010101010101010101010100100101010101011010101010101011011011101010111101010000000000000000000000100010010010010101010101010101010101010101010101011010101101010110101111011000000000010000001001010101011101101101011010010101000101011110101101010101010101101010100101101101011010101010110101010001010100100101010010
00101101011010110101101010101010101010101010101010010100101010101011010101010110100101010101010101010110111111010100000000000000000000010010001001001011010101010110101010101010101010101010101010101011011011111010100000000010000001010111111011101011011011101110000000011011100101110101101110101010111101010000010101101010101010101010101010001010110101001001
00000011010110101101011010101010101010101101010101101010101010101010010101010101011010101011010110101101101010111001001000000000000000000100100100100100101010101001010101011010101001010101010110101100101101001000000000001000000100101010101110111101101101010101000101001101011010101010101010110110100110101110100010010110110101010101010101010001001010100101
00000001101011010110101010101101010101010101011010010101010101010101010101001010100101110100110101011011011101100000000000000000000000100001010010010101010101010101010101000101010110101011010101010011010101000000000000000000010011011111111011010111011011111100000000001010101110110110110101011010110101110101011000001010101010101010101010101101000010110010
00101000110101011011101101010010101010101010100101101010101010101010101010101010101010001101010101101101101011000100100100000100000000001000001001010101010101101010101010110101010101101101011011011110101000000000000001000010101101110101011101111010110110101011010000010111110101011011010110101011010110101101101111100000010111010101010101010101011000001001
00000000011011101010110110101101010101101010101010010101010101010100100100101001011011010101010110110110111100010000010000000000000000000101010010010101010110010110101010101010101010101010101010101000000000000000000000001001110111011111101111011111011101101101111101001100101011101010101011010101010101010110110100111101000000111011010110101010101011000100
00000010000101010110101011101010101101010101010101010101010100101010101010101010100100101010110101011011010100000010000000000000000000000000001001010010101001011001010101010101010101010101011101010000000000000000001010101010011101101010110101101010110110110110101011011011011101010110111010110110101010101001010111010110111010000101011010101010101010110101
00000000000110101011011010110101010101001010101011010101010011010010101010101010101010101011001101101101110001010000100000000000010000000101010010101010101010101010101010101010101010101011100010000000000000000100100101010110110110111111011111111111011011011011011101101101101010111011010101011010110101010101010100101011010101010000010101010101010100010101
00000000100001110101101101010101101010110101011010101010101100101101010101010101010101010101010110110110100100000100000000010001000000000000001001010101010101101010101010101011010101011100001000000000000000010010101010110101101111101011110101010101101101101101101010110110101101010101010110101011010101010101001010101010101101101010000001011010101010101010
00010000000000011010101011011110101010101010100101010101010011010010101010101010101010110101101011010101000001001001000000000000000000000010100101001001001010010101010101010100110101100000000000000000010010100101010101010110111010111101011111111011011011010110110111011010110111011011011011010101010101010101101010101010110110101101110100000101101010010100
00000000001001001101101101101010101011010110111010101010101010100101010101010101010101001010110101011010010100000000000001000100000000000001010101010101010101010101010010101011001010000000000000000000000101010101010110101011011010101011101010101101101101111011011010101011011001101101101010110110101010101010101010101010010010101010101010100000010101010101
00000010000000001010110101010101110100101010100101010101010101010101001010101010101010110101011011101100100000100100000000000001001000001000101010010010101010101010101101010110100000000010000000000101101010110101011001101100110110111110111111011110110110101101101101110101101110101010101101011010101011010101010101010101010101010110101101011010000001010100
00001000000001000111010110111011011011010101010101010101010101010101010101010101010101001010101101010001000100000000000100010000000000000101010010100101010101010101010101011000000000000000001000101010010101001101101010101011010101101011101010110101101101110110110110101110101010110110110101101011010101010101010101010101010100101001010101101011101000001011
00000000000100000001011011010101010101010101010101101010101010010101010101001010101010101101101010110100010001010000000000000101010010101010010100101010100100101010101011000000000000000000000010010101010110110110010110110110110110111101110111101110110110101011010101101010110101011010101010101010101010101010101010101010101010100101010101010101010111100000
00000000010000001000101010101110110110101010101010101011011001010101011010110101010100101010101101000001000000000000100001000000100100010001001001010101010110100101010101010100000000001010101010101010101010101010110101010101010101100110101101110101101101111101101110110111011011101011011011011011010101010110101010101010101010101010101010101010101010011101
00100001000000000000011011011011011011010101011010101010100110101010100101010101010110110110110111010100001010000000000100010101010001001100100101010100101010110101010101010000000010010000101010101010110101010101011010110110111010101111111011011110110110100110110101011010101101010101101101010101010110101010101010101010101010101010100101010101010101101010
00000000000000000010000101101010101101101010100101010101010101010101010101010101001001010101010100000000100000100010000000001000101010100010010101010010101001010101010101000000010001001011010101011010101010101010101011001101001110111010101110110101101101111011011011101101101010111010101010110110101010110101010101010101010101010101010100100101010101010101
00000000000000100000000110101101101010110101011011010101001010101010101010101010110110110110110100100100000010000000010001010010010100010101010101001101010110101010101010010010001010101010101011010101010111011011010101110101101001101101110101101110110110101101010110101010110111010110110110101011010101010101101010101010101010101010101010101010010101010101
00001000000010000000100001101010110110101110101010101010110101010101101101000101001010101011011000010001001000000000000000001010101010100100101010110010101001010101010010101011110110101010101100101011011001100101011010101010110111011011011111011011011011010110111010110111011010101011010101101101010101010101010101010101010101010101010101010101010010010101
00000000100000000000000000110111011011010101101010101001001010101010101001011010101011010101010010000100000000000010001001001001010101010101010010101101010101010101001101010101011001010110101011010100101010011101100110101101001101110101010101110101101010111011010111011010101011011010101101010101010110101010101010101010101010101010101010101001010101001010
00000000000000000100001000011010101010111010110101010110110110110110101010100101011010101101100001010000100000001000000000001010101010101010101101010010101010101010110010101110101011011001101010110111010101100101011010101011011110111010111011011110110101010101101010101101101101101101110101101101011010101101010101010101010101010101010010010101010101010001
00010000000000000000000000000101101101101111010101101010101001010101010101011010101011010110000100000010000000000000100100100101010101010101010010101101010101010101001101011011010100100110101101010100111010101101010101101101110101100111010110101011011010101010111101110110110110101010101010110110101010110101011010101010101010101010010101010101001001010101
00000001000100100000100001000110110110101001101101001010101011010101010010101010110101101010010001001000000001000010000001000101010110101001010101010010101010101010110101101100110111011001010101010101001101010011010110110011011111011011111011101101101111010101010110101010101010110110101101010101010101010101010101010101010101001001101010101010101010101010
00000000000000000000000000000001010101101110110110110101010101010101010101010101011010110100000100000000001000010000010100110010101011010101010101010101010010101001010110110011001001101011010101010110101010101101011010101110110100101101010110100110110101111010101010110110110110101011010110110110101010101010101010101010101010101010010101010101010101001010
01000000000000000100000000010000110110110101011011010101101101010101101010101110101101011001010000100100000000000010001010010101011010110101001010101010101101010110101011001101110101001100110011010101010101011010100110101101101011110110111011110001011010101111011101011011011011011010110101011011010101010101010101010101010101010101101010101010101010101001
00000100010000000000001001000010011011010110101010101010010101011010010101010101101011010000000100000000010010001000100101010101101011011010110101001010100101010101011100110100101110110101001100101010101101100101011010111011110101011011010110101000001011101001101011101101010101101101011011010101010110101011010110101101010101010101010101010010010010100101
00010000000001000000100000000000000101011011101101110110110101101010101010110110110101100101010001010000000000100010010101010100101101010101010010110101011010101010110010101011010001010110110101101010110010101101101011010110101111101101101101101010100000101110110110101011011010101011010101101010101010110101011001010101010101010101001010010101010100101010
00000000000000000100000000000000000110101101011010101101010101010101011010101011011010000000000100000001001010010001010101010110110101011010101101001010101001010101101010101001010110101001010110011010101101010010101101111101010101011011011010110100000100000101101010110101101101101101011010110110101010101010101010101010101010101010101010101010101010101010
00000100000100000000000000000100100001110101101111011010101010101010101011110101010110101010100000000000000000101010101010101000010110101101010010110101010110101110010101010110101101010111010101100101010101101101010111010101111011101101101111010001000000100000011111011010110110110101101101011011010101010101010101101010101010101010101010101010101010101010
01000000100000000000000010010000000000101101010101101111101101101010101101011101101100000000001001000010001010001010101010110101001011010111001101010101010010110101010101011010110101010100101010011010101010011010111010110110101101011011010101010100010010000100100001101110101010101010101011010101010110101101010110101010101010101010101010101010010101010101
00000010000000010000010000000000000100010110110101010100110010010101010110101010110001010100100000000000100001010010101011000101001101101010110010101001010101010101100110101011001010110101010101100110101101100101101111010111011011101101111011010000000000000000000000010101101101011101101101010101010101010101101010101010101010101010101010100101010010100100
01000000000000000001000000000000000000001011011110111011011101010110110101101101101000000000000000001000001010101010101101010110100110111011010101010110101110101010011001010100110101001010110010101001010101011110110101011010110110110110101101101010010000100010001001000010110110101010110101101110101010101010101010101010110101010101010101010101010101010101
00101000010010000000000000000001000001000101101011010110101010101010101110110110100010100101001000000010010000101010101010011010110011010101010101001001010101010101100110101011010110111010101101010101101101010101101101011101101101011011010101010000000010000000000000000000001011110110101010110101010101101010101010101011001010101010101010101010101010010101
01000000000000000100000001001000001000000001010101101011110111011011011010101011001000001000000001001000100101010101011001101011010011011011011010110101101010101010011001101010011001010101010101101010010101101110110101101011011011101101110110101010100000001000100000001000100000011011011101010101010110101101010101010101010101010101010101010101010101010100
00010100000100010000000100000000000000000100111010111101011010101010110110111100000010100001000000000001001001001101100010101010101001101101010101001010110101010101100110010101100110101101010100011010110110010101100110111101110110110110101011101000000100000000000100100000000010000101101011011011010010101010101010101010101010101010101010101010101010101010
10100010100000000000000000000000000000010000001110101010101101110111011011010100101000000100000000100100010100101011001101011010111100110110101101011111001010101010101010110110010101010011010101101011011001111110011101101011011011011011011101010100010000100010000000000010000000010000010110101101011010101010110110101101010110101010101010100101010010100101
01001000000001000000010000000010001001000000001011010111101011011010101101101000000010010000000100000010100010101100010110101011010100110101010101101000101101010101010101001010110011010100110110101100100110101001110110110110101101101101101010110001000000000000010000000000010001000001000010110101101101010101010101010101011010101010101010101010101010101010
00100101000000001000000000010000000000000001000010111010110110101101110101010010101000000000000001010100010101010000110101101101010110011110110110101010100101011001010101011001001100101011001010010011010111110101011011011011110110110110110111000100000010001000000010010000000000000000010000010110110101101010101010101010101010101010101010101010101010101010
10010010101000000000000001000000000000000000000001101011011011110110101111000000000010100000100100000010101010100011010101010101101011001011011011010110111010100110101010101110110101101101011001101101011010001011101101101101011011011011011010100001010000000001000000000010001000001000000010000001010110101101010101010101010101010101010101010101010101010101
01001000100100000100100000000000100000000100001000110101010101011011010100101010101000000000000000101001010101010101010110110110101101001101101101010100100101011001010101010001010110101010100110101010101101011101110110110110101101101101101100001010100100000000000000001000000001000001000000010000001010110101101010101010101010101010101010101010101010010010
00101010001000100000000000000010000010010000000000001110111110101101111010000000000000000100010010000101001010001010110101011010110101100110110101110101011010100101010101010110101001010101011010110101110101101010101101101101110110110110110000010101010010101000010010000000100000000100001000000101000001010110110110110101010101010101010101010101010010101010
10100100100010000000100010000000000000000000000100010101100101101010101000101010010010000001000000101010101001011011010110101011010110110011010110101010101001011010110101010100101011011010110101001110101011011111011011011011011011011011000010101101010101000010000000100000000100010000000001000000001000001010101011011011010101010101010101010101001010101010
01010010101000100000000000001000000000000000100000000011011010110111010010000000100000001000001010101001010101101010101011010101011010101010111011011010100110101010101010101011010100101011001010110101101101101010110110110110101101101101010001010110101010101001001000000010000000000000000000000000000001000000011101010101101010101010101010101010101010101010
01001010001001001000010000000000001000100010000001000001101111011010100100100100001000000000100001000101000010101101011010111011010101101001010101101010011001010101001010101100101011010100111010101110010110110111011011101101110110110100000110111010110101010101010010001000010001000001001000010010000100000010000001101101011011010101010101010101010101010101
10010101010010000100000010000000100000000000000000001000110101010111000000010001000000100010001010101010101101010101101101010101101110110101101110110101100110101010110101010101101010101010100101110100111011011010110110110110101101011001010101101011011010101010100100100000000000000100000001000000010000001000000100001011010101011010101010101010101010101010
01010001001000101001000000000000000000000000001000000000001010111010010101000100000000000100100100101010010101101010101011011010110101011010110101011110011001010011001010101010010101010101010110101011010101101101101101011011110111100000010110101101101011011010101010010101000100010000000000000000000000100000100000000000101101101011010101010101010101010010
10001100100101000100000001001000000001000100000000000000001111010100000000010000000010010000010010101001101010101101101101010110101010101100011011101010101010101100110101010101010101011010111011010101111110110110110111101101011010100101101101110110101101101010101010101000100000000000010010000100100010000000000001001000000101010101011010101010101010101010
01100010101010101001010000000000001000000000000001001001000001101001010101000010000000000010101010010101010110110110110101101011011011101011011101010111010110011010100110101011010110101010101101010110100101011011011010110111010110000010110110101010110101010110110101010101010101000001000000010000000000000010001000000010100000101101101011010101010101001010
01010101001001010100000000010001000000000000100100000000000010100000000000001000001001001001001001010101011010101010101010110101101101010110100110111010101001100110011001010101011001010011010100111011011110110110110110101101111000010111011010110111010110110101010110101010101001010100000000000000001000001000000000010000000100000010101101011010101001010101
10010100101010001001010100000000000000010000000000000000001000100101010100100000000000010100100110101010101011010101010110101110101010111011010101101011010110101001100110101100100110101101110101101101101011011011011011011010100001011010101101011010111011011011011010110101010101001001001001000010000000100000100010000000000000100000010101101010101101010101
01010011010101100101000010000100000010000010000000001000100000001000000000000000100101000010101001010101010101011011011011010101010110101010101011011101110001010101011001010011010100110110100110101010110101101101101101101101010010101101110111101101010101101101101011010110101010101010010000000000000010000000000000000010001000000100000000101101010101010100
10101010101010010100101000000000100000000000000001000000000000100010100101000000000000101010101010101011011010101101101010110101111011010110110101101010101101010110010101010101011010101010011011110111011110110101010110110110000101010110101010101011101101010110101101011010110101010101001010101000100000000010001000100000000000010000100010000011101010101011
01001010101010101010100101010000000000000000010000000000000001001000001000000010010100010101010101010101101011010101011011011010101010111011010101010110110110011001100110011010100111011001101101011010101011010110111010101000101101111010110101101101010110110101101011010101010110101010101010000100001000001000000000000100100010000000000000010000010110110101
01010101010101010010010100000000010010001000000000000100100000000010000000000000000010100100101010110110101101101101101101010110101101010101011001111011011001100101011001100101011010101011010110101101110101011011010110110100101011001011011110110110111011011010110101101110110101010101010101101010100001000000000010000000000000000010001000000100000010101010
10100101010100101010101001010100000000000000000100010000000010101000101000010010101001010101010101010101010101010110101010110101110101101011010110101101101110101100100101010100101011010110111011010110101110110110110101100010110110111101100101011011010101101101011110110101011011101101101010010010010100000000100000010000001000100000000001000000101000010101
00101010101010101010100100100000000100000001000000000000000000000010000000000000000101010010101010101010110110110101010111010110101010110101101100110101010101010011010110011011011100101011010101010101110101101011011011000101011011010101011011010101011010101011101010101011101100110110101011011010100101010100000100000001000000000100010000000000000000000010
10101010101010100101001010010101000000100000000000000000100010101000000000100101010100101010101011011101011010101101110101011010101110101110110110010110111011101010011001100101101010111101101101011110101110111101101100011111101101101101101101101101101110110110101011011101010111010101011010101010101001001001000000000100000001000000000000010010000001001000
01010101010101010100100101001000100000001000001000100010000000000001000010000000100101001010101101010110101011010110101101101011010101101010101011011011010110101010101010010110101011010101011010101011011011010101010100101001010101010110110110110110110101011010111101101010110101011011010101010101010101010100101001000000001000000001000100000000001000000000
10101010101010101010101001010010000001000000100000000000000010100100000000001010010100101010101010110101101101101010110101010101110110110101011010101101101101010101010110111011001010101011100101110101101010101101110001101110110110111011011010101011010110110111010101011011011010101101101110110110110101010010100100010000100000010000000000100000100000000000
01010101010101010101010101001001010100000010000000000000001000001000001000100001010010101010110101010110110101011011010110111010101010101110101101100110110110110101011001010100101101110110101110101110110111110110000110110101011011010101010110111010110101101010101101101101101101110101010101011011010110101101010010100100000001000000010000000010000001001000
10101010101010101010101010100101001000001000000001001000100001000000000000001010100101010101010110110101010110101101011010101101101101101011010110110011011011011010100101101011010110101100110101110101011010011010011011010110101101011011011011010110101110110110110110110110101011010110111011101010101010110101010101010010010000000100000010001000000000000001
01010101010101010101010100101010100010000000000000000000000010010000010010100100010101010110101011010110101010110101101011010110110110110101101010101010101101101010010110110010111010110010101010101101101101101001010101101011110101101101101101011011010101011011011011010101101101011011010101010110110110101010101010101001001010000000100000000000001000000100
10101010101010101010101010101001001000100000100100000000000000000000000000010010101010101010110101011011011011010110101101101010101010101101011101111011101010110110111011001011010111010110111110110110110110110010111110111010010110101010101011101010111011010101101010110110110110101101011011011011011010101010101010101010100100101000000000000000100001000000
01010101010101010100100101010100100101000000000000000100001010000001001010101001001010101101011011010101101101011010110101011011011011010101101010101000110111011011010100101101011010101011010011011011011011000111010010101101110101110110110101011011010101101101010110101011010101110101101101101101010101110110110110101010101010000100100100100100000000000000
10101010101010101010101010101010101000010000010000010000000000000100000000000101010101010101101101011010101011010101010110101101101101101101010110101110101101010101011010110101101100101101101101101010101101010101011101101011011010101011011101101101101110110110111011011101011010101101010101010101101110101011011010101010101001101010000000000000000000010010
01010101010101010101010101010010100101001001000010000000100100000000101010110100101010110110101010101101101101101110111011010101010101010110111011010101011010111011100110101110101010110110110110101101110100011011010110101101010111011101101010101010110101011011010101101011101110110110110110110110110101011010101010110110101101010010101010010000010010000000
10101001010101010101010101010101010100100100000000000000000000010000000101001010101011010101010110110110110101010101010101101101101011011011010101101110101101101101010101101010110011011010101010110110101001101101101010110101101010101010101101101101010110101010101101010101010101011011011011011010101011010110110110101010110101010101010101000100000000000000
01010100101010101010101010101010010010010000000001000000010000000010101000100101010101010110111011010101010110110110101101010110101101101010101101010101010110101011011010110110101101101011011011011011010011010110110111011010111011011011010110110111011011011101110110111101101011101010101101010110110101101011010101011011010101010101010010010010100001001000
